Ponds	Group	Reada	Readb	Readc	Readd	Reade	Max	ATP	AdjustATP
A1	4_degree	4	3	5	2	7	7	0.059063257	0.059063257
A2	Control	5	4	4	5	11	11	0.17718977	0.17718977
A3	5_degree	18	10	13	15	18	18	0.383911169	0.383911169
A4	Urban_Rural	7	6	7	6	9	9	0.118126513	0.118126513
A5	1_degree	7	11	7	6	6	11	0.17718977	0.17718977
A6	4_degree	18	25	21	19	19	25	0.590632567	0.590632567
ControlAa	ATP_control	3	4	3	3	5	5	0	0
B1	1_degree	191	190	222	218	200	222	6.437894986	6.437894986
B2	Urban	11	8	8	14	11	14	0.295316284	0.295316284
B3	6_degree	5	10	6	6	7	10	0.17718977	0.17718977
B4	Control	11	14	7	13	7	14	0.295316284	0.295316284
B5	Rural	71	66	61	89	58	89	2.510188412	2.510188412
B6	7_degree	33	38	46	47	53	53	1.44704979	1.44704979
ControlBa	ATP_control	4	4	2	4	4	4	0	0
C1	Urban_Rural	8	14	10	8	5	14	0.295316284	0.295316284
C2	2_degree	11	17	20	19	27	27	0.679227453	0.679227453
C3	4_degree	7	8	7	6	4	8	0.118126513	0.118126513
C4	8_degree	10	4	3	9	6	10	0.17718977	0.17718977
C5	2_degree	41	55	60	57	54	60	1.653771189	1.653771189
C6	Rural	20	19	14	23	26	26	0.649695824	0.649695824
ControlCa	ATP_control	4	3	2	3	2	4	0	0
D1	Rural	11	10	12	7	12	12	0.236253027	0.236253027
D2	4_degree	11	8	14	16	9	16	0.35437954	0.35437954
D3	6_degree	66	65	62	44	56	66	1.830960959	1.830960959
D4	2_degree	7	13	12	16	15	16	0.35437954	0.35437954
D5	Urban	37	43	35	36	37	43	1.151733507	1.151733507
D6	Control	58	45	67	66	49	67	1.860492588	1.860492588
ControlDa	ATP_control	4	2	3	2	4	4	0	0
E1	4_degree	9	11	7	5	9	11	0.118126513	0.118126513
E2	7_degree	5	8	10	5	11	11	0.118126513	0.118126513
E3	Urban	26	33	29	24	30	33	0.767822338	0.767822338
E4	4_degree	7	10	5	8	6	10	0.088594885	0.088594885
E5	3_degree	59	50	60	63	68	68	1.801429331	1.801429331
E6	Rural	47	43	31	65	51	65	1.712834446	1.712834446
ControlEa	ATP_control	4	3	5	2	7	7	0	0
F1	Rural	10	8	13	4	8	13	0.206721399	0.206721399
F2	Urban_Rural_4_degree	5	3	3	9	4	9	0.088594885	0.088594885
F3	4_degree	12	9	7	5	9	12	0.17718977	0.17718977
F4	Urban_Rural	5	8	9	10	4	10	0.118126513	0.118126513
F5	Control	10	5	13	4	3	13	0.206721399	0.206721399
F6	5_degree	9	6	11	14	4	14	0.236253027	0.236253027
ControlFa	ATP_control	5	4	6	1	5	6	0	0
G1	2_degree	16	19	12	19	10	19	0.35437954	0.35437954
G2	1_degree	12	16	11	15	13	16	0.265784655	0.265784655
G3	2_degree	14	10	8	11	12	14	0.206721399	0.206721399
G4	Urban_Rural_4_degree	12	11	17	9	12	17	0.295316284	0.295316284
G5	3_degree	6	3	8	10	8	10	0.088594885	0.088594885
G6	Urban_Rural	7	6	11	13	5	13	0.17718977	0.17718977
ControlGa	ATP_control	7	5	2	3	3	7	0	0
H1	Control	43	49	46	44	46	49	1.240328392	1.240328392
H2	Urban_Rural	5	10	5	5	7	10	0.088594885	0.088594885
H3	8_degree	9	8	15	12	12	15	0.236253027	0.236253027
H4	4_degree	22	15	14	12	16	22	0.442974426	0.442974426
H5	2_degree	61	72	96	87	85	96	2.628314925	2.628314925
H6	Urban	11	12	10	16	12	16	0.265784655	0.265784655
ControlHa	ATP_control	4	7	5	4	4	7	0	0
ControlAb	ATP_control	8	5	2	2	2	8	0	0
A7	Control	3	7	9	6	9	9	0.029531628	0.029531628
A8	5_degree	11	6	13	6	11	13	0.147658142	0.147658142
A9	2_degree	16	25	28	27	35	35	0.797353966	0.797353966
A10	Urban	12	16	16	10	20	20	0.35437954	0.35437954
A11	Urban_Rural_4_degree	69	82	71	70	71	82	2.1853405	2.1853405
A12	Urban_Rural	12	15	10	9	9	15	0.206721399	0.206721399
ControlBb	ATP_control	6	5	7	6	2	7	0	0
B7	3_degree	11	13	9	15	15	15	0.236253027	0.236253027
B8	Control	27	22	9	12	17	27	0.590632567	0.590632567
B9	4_degree	13	10	6	11	11	13	0.17718977	0.17718977
B10	8_degree	8	6	10	5	3	10	0.088594885	0.088594885
B11	2_degree	18	16	26	22	24	26	0.561100939	0.561100939
B12	Control	11	22	15	16	18	22	0.442974426	0.442974426
ControlCb	ATP_control	5	4	5	6	4	6	0	0
C7	2_degree	102	99	91	100	93	102	2.835036324	2.835036324
C8	Urban_Rural_4_degree	136	132	100	113	101	136	3.839111689	3.839111689
C9	Urban	5	5	9	8	8	9	0.088594885	0.088594885
C10	4_degree	19	18	20	22	24	24	0.531569311	0.531569311
C11	7_degree	6	11	9	5	9	11	0.147658142	0.147658142
C12	Rural	12	12	22	19	23	23	0.502037682	0.502037682
ControlDb	ATP_control	6	9	5	3	2	9	0	0
D7	Urban_Rural_4_degree	8	8	13	9	13	13	0.118126513	0.118126513
D8	Urban	9	15	8	11	8	15	0.17718977	0.17718977
D9	6_degree	5	11	2	4	4	11	0.059063257	0.059063257
D10	Control	15	15	15	15	13	15	0.17718977	0.17718977
D11	Urban_Rural_4_degree	8	5	4	8	8	8	-0.029531628	0
D12	4_degree	10	12	10	11	8	12	0.088594885	0.088594885
ControlEb	ATP_control	4	5	2	4	4	5	0	0
E7	4_degree	7	7	5	10	9	10	0.147658142	0.147658142
E8	Urban_Rural	8	10	6	8	10	10	0.147658142	0.147658142
E9	2_degree	47	61	82	84	62	84	2.332998642	2.332998642
E10	2_degree	11	8	13	11	15	15	0.295316284	0.295316284
E11	3_degree	9	9	12	10	12	12	0.206721399	0.206721399
E12	Urban	8	4	6	5	12	12	0.206721399	0.206721399
ControlFb	ATP_control	5	4	4	3	7	7	0	0
F7	8_degree	161	146	174	184	203	203	5.788199161	5.788199161
F8	2_degree	11	6	6	6	8	11	0.118126513	0.118126513
F9	Rural	12	8	4	9	3	12	0.147658142	0.147658142
F10	6_degree	19	13	14	11	10	19	0.35437954	0.35437954
F11	Control	7	5	6	11	14	14	0.206721399	0.206721399
F12	2_degree	17	8	12	10	24	24	0.502037682	0.502037682
ControlGb	ATP_control	2	6	5	5	2	6	0	0
G7	Rural	7	10	13	9	10	13	0.206721399	0.206721399
G8	Control	23	15	16	17	23	23	0.502037682	0.502037682
G9	Urban_Rural_4_degree	4	5	7	1	6	7	0.029531628	0.029531628
G10	2_degree	49	34	53	62	49	62	1.653771189	1.653771189
G11	5_degree	108	173	175	191	181	191	5.463351249	5.463351249
G12	Urban_Rural_4_degree	4	7	11	8	7	11	0.147658142	0.147658142
ControlHb	ATP_control	4	3	1	5	4	5	0	0
H7	7_degree	44	57	56	65	78	78	2.155808871	2.155808871
H8	4_degree	38	46	46	64	50	64	1.742366074	1.742366074
H9	1_degree	15	28	30	22	23	30	0.738290709	0.738290709
H10	Control	8	11	13	15	17	17	0.35437954	0.35437954
H11	4_degree	86	95	98	103	110	110	3.100820979	3.100820979
H12	Urban_Rural	14	13	14	18	13	18	0.383911169	0.383911169
A1	4_degree	22	24	28	29	15	29	0.738290709	0.738290709
A2	Control	61	64	88	76	95	95	2.687378182	2.687378182
A3	5_degree	66	66	80	94	102	102	2.894099581	2.894099581
A4	Urban_Rural	24	38	31	40	30	40	1.063138621	1.063138621
A5	1_degree	43	43	42	50	52	52	1.417518162	1.417518162
A6	4_degree	40	43	61	48	64	64	1.771897702	1.771897702
ControlAc	ATP_control	4	3	3	3	3	4	0	0
B1	1_degree	47	40	51	52	51	52	1.26986002	1.26986002
B2	Urban	37	53	52	42	46	53	1.299391648	1.299391648
B3	6_degree	98	138	154	212	274	274	7.825881519	7.825881519
B4	Control	81	73	63	92	79	92	2.451125155	2.451125155
B5	Rural	70	79	70	104	111	111	3.012226094	3.012226094
B6	7_degree	80	61	69	89	81	89	2.36253027	2.36253027
ControlBc	ATP_control	2	3	7	9	2	9	0	0
C1	Urban_Rural	46	37	33	29	22	46	1.151733507	1.151733507
C2	2_degree	85	91	126	132	137	137	3.839111689	3.839111689
C3	4_degree	27	27	33	26	21	33	0.767822338	0.767822338
C4	8_degree	41	26	44	40	33	44	1.09267025	1.09267025
C5	2_degree	130	133	134	115	154	154	4.341149371	4.341149371
C6	Rural	30	31	36	49	37	49	1.240328392	1.240328392
ControlCc	ATP_control	7	2	3	3	3	7	0	0
D1	Rural	41	38	34	36	46	46	1.181265135	1.181265135
D2	4_degree	27	29	32	24	25	32	0.767822338	0.767822338
D3	6_degree	62	74	91	84	100	100	2.775973067	2.775973067
D4	2_degree	46	72	48	58	69	72	1.949087473	1.949087473
D5	Urban	26	41	42	44	47	47	1.210796763	1.210796763
D6	Control	47	56	58	50	72	72	1.949087473	1.949087473
ControlDc	ATP_control	3	2	3	6	4	6	0	0
E1	4_degree	62	76	71	64	75	76	2.126277243	2.126277243
E2	7_degree	40	29	27	39	33	40	1.063138621	1.063138621
E3	Urban	282	326	351	366	363	366	10.69044947	10.69044947
E4	4_degree	64	74	82	90	92	92	2.598783297	2.598783297
E5	3_degree	225	201	215	229	199	229	6.644616384	6.644616384
E6	Rural	36	42	42	32	57	57	1.565176304	1.565176304
ControlEc	ATP_control	3	4	3	3	3	4	0	0
F1	Rural	57	59	54	63	79	79	2.155808871	2.155808871
F2	Urban_Rural_4_degree	64	78	74	76	97	97	2.687378182	2.687378182
F3	4_degree	19	30	23	33	36	36	0.885948851	0.885948851
F4	Urban_Rural	27	30	23	52	37	52	1.358454905	1.358454905
F5	Control	111	102	109	114	114	114	3.189415864	3.189415864
F6	5_degree	72	81	112	113	108	113	3.159884236	3.159884236
ControlFc	ATP_control	6	3	3	2	3	6	0	0
G1	2_degree	48	57	52	63	44	63	1.683302817	1.683302817
G2	1_degree	90	127	89	105	108	127	3.573327033	3.573327033
G3	2_degree	165	145	153	161	160	165	4.695528911	4.695528911
G4	Urban_Rural_4_degree	38	43	43	45	57	57	1.506113047	1.506113047
G5	3_degree	61	57	54	68	56	68	1.830960959	1.830960959
G6	Urban_Rural	68	73	69	70	79	79	2.155808871	2.155808871
ControlGc	ATP_control	3	3	2	3	6	6	0	0
H1	Control	151	177	192	183	202	202	5.876794046	5.876794046
H2	Urban_Rural	69	63	76	56	81	81	2.303467013	2.303467013
H3	8_degree	23	28	18	23	23	28	0.738290709	0.738290709
H4	4_degree	50	41	64	59	51	64	1.801429331	1.801429331
H5	2_degree	271	360	521	766	909	909	26.75565531	26.75565531
H6	Urban	26	31	38	22	17	38	1.033606993	1.033606993
ControlHc	ATP_control	2	3	2	2	3	3	0	0
ControlAd	ATP_control	5	5	4	4	3	5	0	0
A7	Control	27	22	22	22	26	27	0.649695824	0.649695824
A8	5_degree	49	51	40	43	40	51	1.358454905	1.358454905
A9	2_degree	53	87	74	67	77	87	2.421593527	2.421593527
A10	Urban	47	42	40	42	57	57	1.535644675	1.535644675
A11	Urban_Rural_4_degree	33	39	42	38	37	42	1.09267025	1.09267025
A12	Urban_Rural	21	26	30	21	32	32	0.797353966	0.797353966
ControlBd	ATP_control	5	4	1	6	5	6	0	0
B7	3_degree	61	73	86	63	85	86	2.36253027	2.36253027
B8	Control	81	76	88	82	84	88	2.421593527	2.421593527
B9	4_degree	41	26	40	41	26	41	1.033606993	1.033606993
B10	8_degree	28	13	22	25	16	28	0.649695824	0.649695824
B11	2_degree	56	72	69	60	66	72	1.949087473	1.949087473
B12	Control	42	47	42	37	39	47	1.210796763	1.210796763
ControlCd	ATP_control	4	3	4	4	6	6	0	0
C7	2_degree	28	23	22	18	32	32	0.767822338	0.767822338
C8	Urban_Rural_4_degree	58	51	42	40	47	58	1.535644675	1.535644675
C9	Urban	18	15	27	17	31	31	0.738290709	0.738290709
C10	4_degree	69	90	94	81	86	94	2.598783297	2.598783297
C11	7_degree	17	21	25	18	14	25	0.561100939	0.561100939
C12	Rural	58	81	167	252	270	270	7.796349891	7.796349891
ControlDd	ATP_control	5	3	5	5	5	5	0	0
D7	Urban_Rural_4_degree	28	28	25	27	27	28	0.679227453	0.679227453
D8	Urban	76	93	85	102	83	102	2.864567952	2.864567952
D9	6_degree	14	26	31	20	18	31	0.767822338	0.767822338
D10	Control	22	27	37	33	32	37	0.945012108	0.945012108
D11	Urban_Rural_4_degree	69	82	71	104	102	104	2.923631209	2.923631209
D12	4_degree	52	47	46	56	55	56	1.506113047	1.506113047
ControlEd	ATP_control	3	2	3	4	1	4	0	0
E7	4_degree	47	69	54	57	68	69	1.919555844	1.919555844
E8	Urban_Rural	103	105	112	100	117	117	3.337074006	3.337074006
E9	2_degree	61	62	74	69	82	82	2.303467013	2.303467013
E10	2_degree	163	171	151	193	201	201	5.81773079	5.81773079
E11	3_degree	78	73	81	82	82	82	2.303467013	2.303467013
E12	Urban	38	32	45	50	44	50	1.358454905	1.358454905
ControlFd	ATP_control	5	5	2	3	4	5	0	0
F7	8_degree	106	135	151	140	156	156	4.459275884	4.459275884
F8	2_degree	56	76	50	49	68	76	2.096745615	2.096745615
F9	Rural	42	42	48	56	53	56	1.506113047	1.506113047
F10	6_degree	57	58	59	69	55	69	1.890024216	1.890024216
F11	Control	157	159	185	161	174	185	5.315693107	5.315693107
F12	2_degree	49	60	54	55	56	60	1.624239561	1.624239561
ControlGd	ATP_control	7	3	4	2	5	7	0	0
G7	Rural	68	75	83	68	74	83	2.244403756	2.244403756
G8	Control	33	42	48	52	69	69	1.830960959	1.830960959
G9	Urban_Rural_4_degree	22	21	30	38	34	38	0.91548048	0.91548048
G10	2_degree	65	64	64	71	53	71	1.890024216	1.890024216
G11	5_degree	323	438	456	421	503	503	14.64768767	14.64768767
G12	Urban_Rural_4_degree	52	57	48	46	59	59	1.535644675	1.535644675
ControlHd	ATP_control	7	3	3	5	2	7	0	0
H7	7_degree	79	112	101	129	121	129	3.602858662	3.602858662
H8	4_degree	72	108	136	122	125	136	3.80958006	3.80958006
H9	1_degree	96	102	105	123	121	123	3.425668891	3.425668891
H10	Control	41	39	72	55	65	72	1.919555844	1.919555844
H11	4_degree	163	179	187	226	198	226	6.467426614	6.467426614
H12	Urban_Rural	84	96	106	120	130	130	3.63239029	3.63239029
A1	4_degree	5	4	6	6	8	8	5.906325675	5.906325675
A2	Control	24	42	48	46	48	48	64.96958242	64.96958242
A3	5_degree	136	239	272	274	356	356	519.7566594	519.7566594
A4	Urban_Rural	40	60	66	55	60	66	91.54804796	91.54804796
A5	1_degree	107	150	152	176	185	185	267.2612368	267.2612368
A6	4_degree	64	113	111	123	117	123	175.7131888	175.7131888
ControlAe	ATP_control	4	4	2	3	3	4	0	0
B1	1_degree	265	439	450	494	539	539	789.971059	789.971059
B2	Urban	424	524	595	648	638	648	950.9184336	950.9184336
B3	6_degree	26	52	64	65	74	74	103.3606993	103.3606993
B4	Control	19	19	25	23	18	25	31.00820979	31.00820979
B5	Rural	20	43	49	36	42	49	66.44616384	66.44616384
B6	7_degree	74	133	118	145	138	145	208.19798	208.19798
ControlBe	ATP_control	4	3	2	4	4	4	0	0
C1	Urban_Rural	215	308	342	412	396	412	598.0154746	598.0154746
C2	2_degree	46	53	64	90	82	90	122.5562578	122.5562578
C3	4_degree	35	50	58	56	41	58	75.30565235	75.30565235
C4	8_degree	34	42	57	48	49	57	73.82907093	73.82907093
C5	2_degree	11	14	9	16	10	16	13.28923277	13.28923277
C6	Rural	33	42	33	39	39	42	51.68034965	51.68034965
ControlCe	ATP_control	4	2	2	3	7	7	0	0
D1	Rural	230	317	363	418	497	497	723.5248952	723.5248952
D2	4_degree	54	57	58	47	64	64	84.16514087	84.16514087
D3	6_degree	228	305	329	345	396	396	574.3901719	574.3901719
D4	2_degree	13	12	15	20	16	20	19.19555844	19.19555844
D5	Urban	4	4	4	2	2	4	-4.429744256	0
D6	Control	52	82	76	76	87	87	118.1265135	118.1265135
ControlDe	ATP_control	5	4	2	7	5	7	0	0
E1	4_degree	125	194	225	265	310	310	450.3573327	450.3573327
E2	7_degree	122	176	180	193	188	193	277.5973067	277.5973067
E3	Urban	410	544	479	531	494	544	795.8773847	795.8773847
E4	4_degree	57	92	86	90	83	92	128.4625834	128.4625834
E5	3_degree	42	66	56	50	56	66	90.07146654	90.07146654
E6	Rural	34	58	120	210	197	210	302.6991908	302.6991908
ControlEe	ATP_control	2	2	5	5	4	5	0	0
F1	Rural	76	139	140	165	160	165	234.7764456	234.7764456
F2	Urban_Rural_4_degree	95	94	99	110	122	122	171.2834446	171.2834446
F3	4_degree	16	21	15	14	17	21	22.14872128	22.14872128
F4	Urban_Rural	340	654	734	786	824	824	1207.8436	1207.8436
F5	Control	57	91	126	150	155	155	220.0106314	220.0106314
F6	5_degree	294	428	437	448	465	465	677.7508712	677.7508712
ControlFe	ATP_control	3	3	6	3	3	6	0	0
G1	2_degree	4	4	4	6	5	6	1.476581419	1.476581419
G2	1_degree	16	15	19	18	14	19	20.67213986	20.67213986
G3	2_degree	387	319	337	317	316	387	564.0541019	564.0541019
G4	Urban_Rural_4_degree	196	284	300	327	314	327	475.4592168	475.4592168
G5	3_degree	54	74	71	67	89	89	124.0328392	124.0328392
G6	Urban_Rural	6	2	7	4	3	7	2.953162837	2.953162837
ControlGe	ATP_control	3	2	5	4	4	5	0	0
H1	Control	4	6	4	4	7	7	1.476581419	1.476581419
H2	Urban_Rural	253	286	297	280	317	317	459.2168212	459.2168212
H3	8_degree	5	4	3	2	2	5	-1.476581419	0
H4	4_degree	46	74	70	60	71	74	100.4075365	100.4075365
H5	2_degree	9	6	3	9	9	9	4.429744256	4.429744256
H6	Urban	8	7	6	6	2	8	2.953162837	2.953162837
ControlHe	ATP_control	3	2	3	4	6	6	0	0
ControlAf	ATP_control	7	6	3	5	4	7	0	0
A7	Control	55	90	106	117	111	117	162.4239561	162.4239561
A8	5_degree	9	7	5	11	4	11	5.906325675	5.906325675
A9	2_degree	8	13	17	12	18	18	16.24239561	16.24239561
A10	Urban	53	94	116	117	111	117	162.4239561	162.4239561
A11	Urban_Rural_4_degree	24	33	28	28	30	33	38.39111689	38.39111689
A12	Urban_Rural	7	8	10	17	9	17	14.76581419	14.76581419
ControlBf	ATP_control	4	4	6	3	8	8	0	0
B7	3_degree	74	87	114	99	120	120	165.3771189	165.3771189
B8	Control	17	17	14	31	19	31	33.96137263	33.96137263
B9	4_degree	55	89	93	80	67	93	125.5094206	125.5094206
B10	8_degree	10	14	15	12	10	15	10.33606993	10.33606993
B11	2_degree	18	32	38	44	43	44	53.15693107	53.15693107
B12	Control	57	68	76	78	68	78	103.3606993	103.3606993
ControlCf	ATP_control	6	2	3	4	7	7	0	0
C7	2_degree	270	446	474	480	519	519	756.0096864	756.0096864
C8	Urban_Rural_4_degree	26	46	44	71	55	71	94.5012108	94.5012108
C9	Urban	22	24	25	24	26	26	28.05504696	28.05504696
C10	4_degree	12	15	17	15	19	19	17.71897702	17.71897702
C11	7_degree	121	151	186	181	192	192	273.1675625	273.1675625
C12	Rural	282	385	438	458	507	507	738.2907093	738.2907093
ControlDf	ATP_control	4	5	4	2	4	5	0	0
D7	Urban_Rural_4_degree	3	4	3	5	4	5	0	0
D8	Urban	10	6	9	6	8	10	7.382907093	7.382907093
D9	6_degree	13	9	19	18	27	27	32.48479121	32.48479121
D10	Control	4	3	7	7	2	7	2.953162837	2.953162837
D11	Urban_Rural_4_degree	136	199	176	192	189	199	286.4567952	286.4567952
D12	4_degree	6	3	5	5	7	7	2.953162837	2.953162837
ControlEf	ATP_control	7	4	2	5	6	7	0	0
E7	4_degree	172	210	192	189	224	224	320.4181679	320.4181679
E8	Urban_Rural	9	7	19	8	9	19	17.71897702	17.71897702
E9	2_degree	4	5	9	7	4	9	2.953162837	2.953162837
E10	2_degree	59	105	113	117	141	141	197.8619101	197.8619101
E11	3_degree	84	136	140	152	122	152	214.1043057	214.1043057
E12	Urban	12	9	11	13	20	20	19.19555844	19.19555844
ControlFf	ATP_control	7	4	8	5	7	8	0	0
F7	8_degree	1991	2018	1952	1759	1679	2018	2967.928652	2967.928652
F8	2_degree	31	70	68	70	61	70	91.54804796	91.54804796
F9	Rural	67	100	87	80	81	100	135.8454905	135.8454905
F10	6_degree	123	147	168	212	176	212	301.2226094	301.2226094
F11	Control	31	24	24	27	26	31	33.96137263	33.96137263
F12	2_degree	61	102	114	110	139	139	193.4321658	193.4321658
ControlGf	ATP_control	6	5	5	2	5	6	0	0
G7	Rural	269	391	402	423	421	423	615.7344516	615.7344516
G8	Control	13	9	7	10	7	13	10.33606993	10.33606993
G9	Urban_Rural_4_degree	664	858	929	963	825	963	1413.088418	1413.088418
G10	2_degree	118	191	160	211	233	233	335.183982	335.183982
G11	5_degree	23	22	19	38	33	38	47.2506054	47.2506054
G12	Urban_Rural_4_degree	20	25	32	24	23	32	38.39111689	38.39111689
ControlHf	ATP_control	1	4	3	3	7	7	0	0
H7	7_degree	13	11	14	9	11	14	10.33606993	10.33606993
H8	4_degree	11	4	9	1	6	11	5.906325675	5.906325675
H9	1_degree	54	81	88	93	113	113	156.5176304	156.5176304
H10	Control	5	3	4	4	4	5	-2.953162837	0
H11	4_degree	10	16	15	15	18	18	16.24239561	16.24239561
H12	Urban_Rural	88	86	113	115	115	115	159.4707932	159.4707932
