Ponds	Group	Temperature	Ammonia	Apr12_W	Apr12_SW	Apr12_S	Apr12_Cellcount	May17_W	May17_SW	May17_S	May17_Cellcount	Apr12_percell	May17_percell
A1	4°„C	4	No	0.059063257	0.738290709	5.906325675	27	0.059063257	16.47864863	825.4090131	144	0.002187528	0.000410162
A2	CONTROL	0	Yes	0.17718977	2.687378182	64.96958242	70	0	11.90124623	590.6325675	80	0.002531282	0
A3	5°„C	5	No	0.383911169	2.894099581	519.7566594	140	0.413442797	1.476581419	70.8759081	356	0.002742223	0.001161356
A4	RU+UR		No	0.118126513	1.063138621	91.54804796	24	0.265784655	1.771897702	67.92274526	148	0.004921938	0.001795842
A5	1°„C	1	No	0.17718977	1.417518162	267.2612368	23	0	0.708759081	36.91453547	83	0.007703903	0
A6	4°„C	4	Yes	0.590632567	1.771897702	175.7131888	526	0.383911169	3.80958006	183.0960959	1557	0.001122876	0.000246571
A7	CONTROL	0	No	0.029531628	0.649695824	162.4239561	33	0.029531628	0.856417223	47.2506054	88	0.000894898	0.000335587
A8	5°„C	5	No	0.147658142	1.358454905	5.906325675	31	0	0.738290709	41.34427972	155	0.004763166	0
A9	2°„C	2	Yes	0.797353966	2.421593527	16.24239561	621	0.059063257	13.23016951	665.9382198	1481	0.001283984	3.98807E-05
A10	URBAN		No	0.35437954	1.535644675	162.4239561	20	0.088594885	3.248479121	166.8537003	41	0.017718977	0.002160851
A11	RU+UR+4°„C		No	2.1853405	1.09267025	38.39111689	29	0.236253027	0.029531628	11.81265135	33	0.075356569	0.007159183
A12	RU+UR		No	0.206721399	0.797353966	14.76581419	36	0	0.738290709	41.34427972	55	0.005742261	0
B1	1°„C	1	No	6.437894986	1.26986002	789.971059	29	0	4.075364716	202.2916544	52	0.221996379	0
B2	URBAN		Yes	0.295316284	1.299391648	950.9184336	26	0.059063257	2.805504696	660.0318942	128	0.011358319	0.000461432
B3	6°„C	6	No	0.17718977	7.825881519	103.3606993	70	0.147658142	4.193491229	208.19798	76	0.002531282	0.00194287
B4	CONTROL	0	No	0.295316284	2.451125155	31.00820979	12	0	6.201641959	271.690981	34	0.02460969	0
B5	RURAL		No	2.510188412	3.012226094	66.44616384	37	0.561100939	9.154804796	456.2636584	112	0.06784293	0.00500983
B6	7°„C	7	No	1.44704979	2.36253027	208.19798	185	4.104896344	7.914476404	380.958006	433	0.007821891	0.00948013
B7	3°„C	3	No	0.236253027	2.36253027	165.3771189	260	0	9.863563877	491.7016124	347	0.000908665	0
B8	CONTROL	0	Yes	0.590632567	2.421593527	33.96137263	81	0	8.652767114	431.1617743	291	0.00729176	0
B9	4°„C	4	No	0.17718977	1.033606993	125.5094206	29	0	2.273935385	112.2201878	43	0.006109992	0
B10	8°„C	8	No	0.088594885	0.649695824	10.33606993	23	0.856417223	2.067213986	100.4075365	97	0.003851952	0.008829044
B11	2°„C	2	Yes	0.561100939	1.949087473	53.15693107	756	0.236253027	2.746441439	131.4157463	287	0.000742197	0.000823181
B12	CONTROL	0	Yes	0.442974426	1.210796763	103.3606993	860	6.142578702	3.957238202	307.1289351	1093	0.000515087	0.005619926
C1	RU+UR		Yes	0.295316284	1.151733507	598.0154746	72	1.151733507	6.083515445	298.2694466	142	0.004101615	0.008110799
C2	2°„C	2	Yes	0.679227453	3.839111689	122.5562578	2994	1.949087473	2.1853405	103.3606993	9486	0.000226863	0.00020547
C3	4°„C	4	No	0.118126513	0.767822338	75.30565235	47	0.35437954	2.53972004	121.0796763	157	0.00251333	0.002257195
C4	8°„C	8	Yes	0.17718977	1.09267025	73.82907093	20	0.059063257	0.797353966	33.96137263	96	0.008859489	0.000615242
C5	2°„C	2	Yes	1.653771189	4.341149371	13.28923277	252	1.387986534	4.488807513	218.53405	625	0.006562584	0.002220778
C6	RURAL		No	0.649695824	1.240328392	51.68034965	12	0	1.978619101	93.02462938	38	0.054141319	0
C7	2°„C	2	No	2.835036324	0.767822338	756.0096864	15	0.118126513	0.679227453	23.6253027	26	0.189002422	0.004543327
C8	RU+UR+4°„C		No	3.839111689	1.535644675	94.5012108	15	0	4.54787077	222.9637942	82	0.255940779	0
C9	URBAN		No	0.088594885	0.738290709	28.05504696	44	3.927706574	7.205717323	332.2308192	159	0.00201352	0.024702557
C10	4°„C	4	Yes	0.531569311	2.598783297	17.71897702	166	1.594707932	6.17211033	267.2612368	418	0.003202225	0.003815091
C11	7°„C	7	No	0.147658142	0.561100939	273.1675625	36	0.35437954	1.771897702	84.16514087	88	0.004101615	0.00402704
C12	RURAL		Yes	0.502037682	7.796349891	738.2907093	65	0.91548048	3.543795405	172.760026	293	0.007723657	0.003124507
D1	RURAL		No	0.236253027	1.181265135	723.5248952	24	0.029531628	1.004075365	76.78223377	52	0.009843876	0.000567916
D2	4°„C	4	Yes	0.35437954	0.767822338	84.16514087	312	0	2.628314925	132.8923277	85	0.001135832	0
D3	6°„C	6	Yes	1.830960959	2.775973067	574.3901719	1239	1.830960959	5.315693107	267.2612368	4649	0.001477773	0.00039384
D4	2°„C	2	Yes	0.35437954	1.949087473	19.19555844	73	0.17718977	3.661921918	163.9005375	724	0.004854514	0.000244737
D5	URBAN		Yes	1.151733507	1.210796763	0	150	1.830960959	5.374756364	270.2143996	402	0.007678223	0.004554629
D6	CONTROL	0	No	1.860492588	1.949087473	118.1265135	129	1.417518162	4.636465655	233.2998642	240	0.014422423	0.005906326
D7	RU+UR+4°„C		No	0.118126513	0.679227453	0	39	0.088594885	0.708759081	38.39111689	107	0.003028885	0.00082799
D8	URBAN		No	0.17718977	2.864567952	7.382907093	33	0.797353966	5.758667533	290.8865395	59	0.005369387	0.013514474
D9	6°„C	6	No	0.059063257	0.767822338	32.48479121	24	0.295316284	1.919555844	98.93095505	138	0.002460969	0.002139973
D10	CONTROL	0	Yes	0.17718977	0.945012108	2.953162837	41	0.826885594	2.244403756	101.8841179	125	0.004321702	0.006615085
D11	RU+UR+4°„C		Yes	0	2.923631209	286.4567952	20	0.649695824	0.91548048	48.72718682	90	0	0.007218842
D12	4°„C	4	No	0.088594885	1.506113047	2.953162837	11	2.894099581	2.037682358	104.8372807	36	0.00805408	0.080391655
E1	4°„C	4	No	0.118126513	2.126277243	450.3573327	62	0.118126513	3.071289351	831.3153387	101	0.001905266	0.001169569
E2	7°„C	7	Yes	0.118126513	1.063138621	277.5973067	16	1.033606993	2.096745615	95.97779222	109	0.007382907	0.009482633
E3	URBAN		No	0.767822338	10.69044947	795.8773847	31	0	2.598783297	121.0796763	26	0.024768463	0
E4	4°„C	4	Yes	0.088594885	2.598783297	128.4625834	16	0	3.98676983	190.479003	49	0.00553718	0
E5	3°„C	3	Yes	1.801429331	6.644616384	90.07146654	405	4.429744256	15.06113047	744.197035	1707	0.004447974	0.002595046
E6	RURAL		Yes	1.712834446	1.565176304	302.6991908	25	0.236253027	8.623235485	422.3022857	120	0.068513378	0.001968775
E7	4°„C	4	Yes	0.147658142	1.919555844	320.4181679	52	4.636465655	4.075364716	202.2916544	259	0.00283958	0.017901412
E8	RU+UR		Yes	0.147658142	3.337074006	17.71897702	29	0.856417223	4.459275884	221.4872128	70	0.00509166	0.012234532
E9	2°„C	2	Yes	2.332998642	2.303467013	2.953162837	185	2.480656783	8.268855945	391.294076	874	0.012610803	0.00283828
E10	2°„C	2	No	0.295316284	5.81773079	197.8619101	27	2.746441439	13.112043	654.1255685	56	0.01093764	0.049043597
E11	3°„C	3	Yes	0.206721399	2.303467013	214.1043057	108	0	5.256629851	261.3549111	404	0.001914087	0
E12	URBAN		Yes	0.206721399	1.358454905	19.19555844	28	2.982694466	1.742366074	122.5562578	87	0.007382907	0.034283844
F1	RURAL		Yes	0.206721399	2.155808871	234.7764456	39	0.472506054	1.594707932	82.68855945	175	0.005300549	0.002700035
F2	RU+UR+4°„C		Yes	0.088594885	2.687378182	171.2834446	18	0.118126513	2.628314925	134.3689091	39	0.004921938	0.003028885
F3	4°„C	4	Yes	0.17718977	0.885948851	22.14872128	71	0.531569311	2.421593527	118.1265135	121	0.002495631	0.004393135
F4	RU+UR		Yes	0.118126513	1.358454905	1207.8436	12	0.236253027	1.506113047	78.25881519	34	0.009843876	0.006948618
F5	CONTROL	0	No	0.206721399	3.189415864	220.0106314	35	0.383911169	1.919555844	98.93095505	39	0.005906326	0.009843876
F6	5°„C	5	Yes	0.236253027	3.159884236	677.7508712	9	0.413442797	4.577402398	231.8232827	119	0.026250336	0.003474309
F7	8°„C	8	Yes	5.788199161	4.459275884	2967.928652	467	23.68436596	12.61000532	1182.741716	1154	0.012394431	0.020523714
F8	2°„C	2	No	0.118126513	2.096745615	91.54804796	106	1.004075365	2.1853405	104.8372807	146	0.001114401	0.006877229
F9	RURAL		No	0.147658142	1.506113047	135.8454905	30	1.742366074	2.214872128	106.3138621	31	0.004921938	0.056205357
F10	6°„C	6	Yes	0.35437954	1.890024216	301.2226094	25	0	2.037682358	97.45437363	79	0.014175182	0
F11	CONTROL	0	No	0.206721399	5.315693107	33.96137263	159	0.236253027	3.307542378	156.5176304	46	0.001300135	0.005135935
F12	2°„C	2	Yes	0.502037682	1.624239561	193.4321658	301	0.620164196	4.104896344	200.8150729	720	0.001667899	0.000861339
G1	2°„C	2	No	0.35437954	1.683302817	1.476581419	14	0	0.472506054	206.7213986	26	0.025312824	0
G2	1°„C	1	Yes	0.265784655	3.573327033	20.67213986	135	0.708759081	4.252554486	190.479003	333	0.001968775	0.002128406
G3	2°„C	2	No	0.206721399	4.695528911	564.0541019	34	0.147658142	2.687378182	128.4625834	116	0.006080041	0.001272915
G4	RU+UR+4°„C		No	0.295316284	1.506113047	475.4592168	31	0.324847912	2.628314925	125.5094206	57	0.009526332	0.005699086
G5	3°„C	3	No	0.088594885	1.830960959	124.0328392	204	0.088594885	2.598783297	149.1347233	229	0.000434289	0.000386877
G6	RU+UR		No	0.17718977	2.155808871	2.953162837	18	1.210796763	3.248479121	156.5176304	44	0.009843876	0.027518108
G7	RURAL		Yes	0.206721399	2.244403756	615.7344516	23	4.459275884	6.142578702	308.6055165	134	0.008987887	0.033278178
G8	CONTROL	0	No	0.502037682	1.830960959	10.33606993	15	0.029531628	3.366605635	169.8068632	58	0.033469179	0.000509166
G9	RU+UR+4°„C		Yes	0.029531628	0.91548048	1413.088418	19	0.059063257	1.240328392	63.493001	25	0.001554296	0.00236253
G10	2°„C	2	No	1.653771189	1.890024216	335.183982	31	0.059063257	2.273935385	115.1733507	183	0.053347458	0.00032275
G11	5°„C	5	Yes	5.463351249	14.64768767	47.2506054	1083	2.421593527	41.46240624	2074.596893	2681	0.005044646	0.000903243
G12	RU+UR+4°„C		Yes	0.147658142	1.535644675	38.39111689	12	1.26986002	1.299391648	60.53983817	79	0.012304845	0.016074177
H1	CONTROL	0	Yes	1.240328392	5.876794046	1.476581419	231	3.100820979	18.48679936	927.2931309	1118	0.005369387	0.002773543
H2	RU+UR		No	0.088594885	2.303467013	459.2168212	27	0.679227453	4.518339141	228.8701199	79	0.003281292	0.008597816
H3	8°„C	8	No	0.236253027	0.738290709	0	21	1.151733507	1.240328392	98.93095505	97	0.011250144	0.011873541
H4	4°„C	4	No	0.442974426	1.801429331	100.4075365	125	0.885948851	6.053983817	305.6523537	77	0.003543795	0.011505829
H5	2°„C	2	No	2.628314925	26.75565531	4.429744256	398	5.168034965	29.26584372	1466.245349	439	0.006603806	0.011772289
H6	URBAN		Yes	0.265784655	1.033606993	2.953162837	122	0.590632567	2.953162837	150.6113047	305	0.002178563	0.0019365
H7	7°„C	7	Yes	2.155808871	3.602858662	10.33606993	630	0	8.446045715	425.2554486	307	0.003421919	0
H8	4°„C	4	Yes	1.742366074	3.80958006	5.906325675	440	0.118126513	17.57131888	881.519107	1149	0.003959923	0.000102808
H9	1°„C	1	Yes	0.738290709	3.425668891	156.5176304	62	0	4.518339141	220.0106314	355	0.011907915	0
H10	CONTROL	0	Yes	0.35437954	1.919555844	0	536	0	3.868643317	183.0960959	1845	0.000661156	0
H11	4°„C	4	No	3.100820979	6.467426614	16.24239561	491	4.754592168	9.391057823	472.506054	648	0.006315318	0.007337334
H12	RU+UR		Yes	0.383911169	3.63239029	159.4707932	75	0	8.564172228	431.1617743	74	0.005118816	0
